# w = (H-sigma_ss) = pore width = 0.3 [nm]
# P[atm], V[molecules/nm3], V[mmol/cm3], V[cm3(STP)/cm3], Omega/epsilon_ff[1/nm2]
3.94968e-08, 0.000559909, 0.000929751, 0.0208394, -0.000261606
7.64123e-08, 0.00106752, 0.00177266, 0.0397324, -0.000498641
1.43531e-07, 0.00200708, 0.00333283, 0.074702, -0.000937379
2.61763e-07, 0.00365984, 0.0060773, 0.136217, -0.00170916
4.64152e-07, 0.00648876, 0.0107748, 0.241507, -0.0030302
7.72219e-07, 0.0107978, 0.0179302, 0.401888, -0.00504246
1.49397e-06, 0.0208847, 0.0346798, 0.777313, -0.00975305
2.80623e-06, 0.0392221, 0.0651298, 1.45982, -0.0183175
5.11785e-06, 0.0715146, 0.118753, 2.66172, -0.033402
9.07484e-06, 0.12676, 0.210491, 4.71793, -0.0592163
1.56463e-05, 0.21842, 0.362696, 8.12946, -0.102069
2.63463e-05, 0.367362, 0.610019, 13.673, -0.171776
4.32039e-05, 0.601267, 0.998427, 22.3787, -0.281466
6.93483e-05, 0.961574, 1.59673, 35.7891, -0.451115
0.000108761, 1.50001, 2.49083, 55.8294, -0.706723
0.000167011, 2.27243, 3.77346, 84.5784, -1.07958
0.00025135, 3.33354, 5.53547, 124.072, -1.60915
0.000371086, 4.69818, 7.80152, 174.863, -2.33425
0.000537929, 6.30605, 10.4714, 234.707, -3.28409
0.000766313, 8.02519, 13.3261, 298.692, -4.47012
0.00107367, 9.69353, 16.0965, 360.787, -5.86641
0.00148068, 11.2206, 18.6323, 417.624, -7.44347
0.00201139, 12.5646, 20.864, 467.645, -9.15192
0.00269331, 13.7349, 22.8073, 511.204, -10.9601
0.00355732, 14.7434, 24.4821, 548.741, -12.8192
0.00463751, 15.6193, 25.9364, 581.339, -14.7119
0.0059709, 16.384, 27.2062, 609.8, -16.6186
0.007597, 17.0534, 28.3178, 634.715, -18.5144
0.00955723, 17.6437, 29.298, 656.685, -20.3882
0.0118944, 18.1675, 30.1679, 676.182, -22.2311
0.0146517, 18.6357, 30.9452, 693.606, -24.0412
0.0178725, 19.0551, 31.6418, 709.22, -25.8047
0.0215986, 19.4335, 32.2701, 723.303, -27.5248
0.0258706, 19.7759, 32.8387, 736.047, -29.1958
0.030726, 20.087, 33.3552, 747.624, -30.8143
0.036199, 20.3706, 33.8263, 758.182, -32.3839
0.0423199, 20.63, 34.2569, 767.835, -33.8991
0.0491139, 20.8679, 34.6519, 776.688, -35.3624
0.0566014, 21.0865, 35.015, 784.826, -36.7721
0.0647972, 21.2881, 35.3497, 792.328, -38.1326
0.0737097, 21.4741, 35.6587, 799.253, -39.4402
0.0833421, 21.6463, 35.9446, 805.661, -40.6984
0.093691, 21.8059, 36.2095, 811.6, -41.9059
0.104747, 21.954, 36.4555, 817.114, -43.0684
0.116496, 22.0917, 36.6842, 822.24, -44.1823
0.128917, 22.22, 36.8971, 827.012, -45.2516
0.141984, 22.3395, 37.0956, 831.46, -46.2773
0.155668, 22.451, 37.2807, 835.61, -47.2586
0.169936, 22.5552, 37.4538, 839.49, -48.2019
0.184748, 22.6526, 37.6156, 843.116, -49.1029
0.200061, 22.7438, 37.767, 846.51, -49.966
0.215836, 22.8293, 37.9089, 849.69, -50.7927
0.232027, 22.9094, 38.042, 852.673, -51.584
0.248583, 22.9846, 38.1668, 855.471, -52.341
0.26546, 23.0552, 38.284, 858.099, -53.0653
0.28261, 23.1215, 38.3942, 860.568, -53.758
0.299983, 23.1839, 38.4978, 862.889, -54.4202
0.317531, 23.2426, 38.5952, 865.073, -55.0533
0.335211, 23.2978, 38.687, 867.129, -55.6583
0.352973, 23.3499, 38.7733, 869.066, -56.2364
0.370776, 23.3989, 38.8547, 870.89, -56.7888
0.388577, 23.4451, 38.9315, 872.61, -57.3164
0.406335, 23.4887, 39.0039, 874.233, -57.8204
0.424014, 23.5298, 39.0721, 875.763, -58.3017
0.441577, 23.5686, 39.1366, 877.208, -58.7613
0.45899, 23.6053, 39.1975, 878.572, -59.2001
0.476224, 23.6399, 39.2549, 879.86, -59.6191
0.493249, 23.6747, 39.3128, 881.157, -59.9786
0.51004, 23.7055, 39.3639, 882.302, -60.361
0.526574, 23.7327, 39.409, 883.313, -60.762
0.542828, 23.7625, 39.4586, 884.425, -61.0709
0.558785, 23.7884, 39.5016, 885.39, -61.4053
0.574429, 23.8132, 39.5427, 886.31, -61.7215
0.589744, 23.8366, 39.5815, 887.181, -62.0238
0.60472, 23.8587, 39.6183, 888.005, -62.3126
0.619345, 23.8797, 39.6531, 888.785, -62.5884
0.633613, 23.8995, 39.6861, 889.524, -62.8519
0.647515, 23.9183, 39.7173, 890.224, -63.1033
0.661048, 23.9361, 39.7469, 890.887, -63.3434
0.674208, 23.953, 39.7749, 891.515, -63.5725
0.686993, 23.969, 39.8015, 892.111, -63.7912
0.699403, 23.9842, 39.8267, 892.675, -64
0.711438, 23.9986, 39.8506, 893.211, -64.1992
0.7231, 24.0122, 39.8732, 893.719, -64.3893
0.734393, 24.0252, 39.8947, 894.201, -64.5706
0.745319, 24.0375, 39.9151, 894.658, -64.7436
0.755882, 24.0491, 39.9345, 895.091, -64.9087
0.766089, 24.0602, 39.9529, 895.503, -65.0661
0.775945, 24.0707, 39.9703, 895.894, -65.2163
0.785456, 24.0807, 39.9869, 896.266, -65.3596
0.794627, 24.0901, 40.0026, 896.618, -65.4963
0.803468, 24.0991, 40.0175, 896.953, -65.6266
0.811985, 24.1105, 40.0364, 897.376, -65.7091
0.820185, 24.1167, 40.0467, 897.607, -65.8524
0.828078, 24.1254, 40.0612, 897.931, -65.9498
0.83567, 24.1319, 40.072, 898.174, -66.0669
0.842971, 24.1392, 40.0841, 898.446, -66.1637
0.849988, 24.1455, 40.0945, 898.679, -66.2653
0.856729, 24.1519, 40.1051, 898.916, -66.3566
0.863204, 24.1577, 40.1147, 899.132, -66.4472
0.86942, 24.1633, 40.1242, 899.343, -66.5314
0.875387, 24.1686, 40.133, 899.54, -66.6131
0.88111, 24.1737, 40.1414, 899.73, -66.6903
0.8866, 24.1786, 40.1494, 899.909, -66.7644
0.891863, 24.1832, 40.1571, 900.081, -66.8348
0.896909, 24.1875, 40.1644, 900.244, -66.9021
0.901745, 24.1917, 40.1713, 900.399, -66.9663
0.906377, 24.1957, 40.1778, 900.546, -67.0275
0.910814, 24.1994, 40.1841, 900.686, -67.0859
0.915063, 24.203, 40.19, 900.82, -67.1416
0.91913, 24.2064, 40.1957, 900.947, -67.1948
0.923024, 24.2097, 40.2011, 901.068, -67.2455
0.92675, 24.2128, 40.2063, 901.183, -67.2939
0.930314, 24.2157, 40.2111, 901.293, -67.34
0.933725, 24.2185, 40.2158, 901.397, -67.3841
0.936986, 24.2212, 40.2202, 901.496, -67.426
0.940106, 24.2237, 40.2245, 901.591, -67.4661
0.943088, 24.2261, 40.2285, 901.681, -67.5043
0.94594, 24.2285, 40.2323, 901.767, -67.5407
0.948665, 24.2307, 40.2359, 901.848, -67.5756
0.95127, 24.2327, 40.2394, 901.927, -67.6086
0.953759, 24.2347, 40.2427, 902.001, -67.6403
0.956137, 24.2366, 40.2459, 902.071, -67.6704
0.95841, 24.2384, 40.2489, 902.138, -67.6992
0.960579, 24.2402, 40.2517, 902.202, -67.7266
0.962652, 24.2418, 40.2545, 902.263, -67.7528
0.964632, 24.2434, 40.257, 902.321, -67.7778
0.966523, 24.2448, 40.2595, 902.377, -67.8016
0.968328, 24.2463, 40.2619, 902.43, -67.8242
0.970052, 24.2476, 40.2641, 902.479, -67.846
0.971698, 24.2489, 40.2662, 902.527, -67.8665
0.973268, 24.2501, 40.2683, 902.573, -67.8863
0.974768, 24.2513, 40.2702, 902.616, -67.9051
0.976199, 24.2524, 40.272, 902.658, -67.923
0.977565, 24.2535, 40.2738, 902.697, -67.94
0.978869, 24.2545, 40.2755, 902.735, -67.9564
0.980113, 24.2554, 40.2771, 902.77, -67.9718
0.981301, 24.2563, 40.2786, 902.805, -67.9866
0.982433, 24.2572, 40.28, 902.837, -68.0008
0.983513, 24.258, 40.2814, 902.868, -68.0142
0.984545, 24.2588, 40.2827, 902.897, -68.0271
0.985528, 24.2596, 40.284, 902.925, -68.0393
0.986467, 24.2603, 40.2852, 902.952, -68.051
0.987362, 24.261, 40.2863, 902.978, -68.0622
0.988217, 24.2616, 40.2874, 903.002, -68.0728
0.98903, 24.2623, 40.2884, 903.025, -68.083
0.989807, 24.2629, 40.2894, 903.047, -68.0926
0.990548, 24.2634, 40.2904, 903.068, -68.1018
0.991255, 24.264, 40.2913, 903.088, -68.1105
0.99193, 24.2645, 40.2921, 903.107, -68.119
0.992572, 24.265, 40.2929, 903.126, -68.1269
0.993185, 24.2654, 40.2937, 903.143, -68.1346
0.993769, 24.2659, 40.2944, 903.159, -68.1417
0.994327, 24.2663, 40.2951, 903.175, -68.1488
0.994859, 24.2667, 40.2958, 903.19, -68.1553
0.995366, 24.2671, 40.2964, 903.204, -68.1617
0.995849, 24.2675, 40.2971, 903.218, -68.1676
0.99631, 24.2678, 40.2976, 903.231, -68.1734
0.996749, 24.2681, 40.2982, 903.243, -68.1788
0.997169, 24.2684, 40.2987, 903.255, -68.184
0.997568, 24.2688, 40.2992, 903.267, -68.1889
0.997949, 24.269, 40.2997, 903.277, -68.1937
0.998312, 24.2693, 40.3001, 903.287, -68.1982
0.998659, 24.2696, 40.3006, 903.297, -68.2025
0.998988, 24.2698, 40.301, 903.306, -68.2066
0.999302, 24.2701, 40.3014, 903.315, -68.2104
0.999603, 24.2703, 40.3017, 903.323, -68.2143
0.999889, 24.2705, 40.3021, 903.332, -68.2177
1.00016, 24.2707, 40.3024, 903.339, -68.2212
1.00042, 24.2709, 40.3028, 903.346, -68.2244
1.00067, 24.2711, 40.3031, 903.353, -68.2275
1.00091, 24.2713, 40.3034, 903.36, -68.2304
1.00113, 24.2714, 40.3037, 903.366, -68.2332
1.00134, 24.2716, 40.3039, 903.372, -68.2359
1.00155, 24.2717, 40.3042, 903.378, -68.2384
1.00174, 24.2719, 40.3044, 903.384, -68.2408
1.00193, 24.272, 40.3047, 903.389, -68.2431
1.00211, 24.2722, 40.3049, 903.394, -68.2453
1.00228, 24.2723, 40.3051, 903.398, -68.2475
1.00244, 24.2724, 40.3053, 903.403, -68.2494
1.00259, 24.2725, 40.3055, 903.407, -68.2514
1.00274, 24.2726, 40.3057, 903.411, -68.2532
