# w = (H-sigma_ss) = pore width = 1 [nm]
# P[atm], V[molecules/nm3], V[mmol/cm3], V[cm3(STP)/cm3], Omega/epsilon_ff[1/nm2]
3.94968e-08, 1.34948e-06, 2.24086e-06, 5.02267e-05, -3.02487e-06
7.64123e-08, 1.8163e-06, 3.01604e-06, 6.76016e-05, -4.08923e-06
1.43531e-07, 2.74255e-06, 4.55411e-06, 0.000102076, -6.19147e-06
2.61763e-07, 4.4131e-06, 7.32813e-06, 0.000164253, -9.98149e-06
4.64152e-07, 7.30671e-06, 1.21331e-05, 0.000271951, -1.65439e-05
7.72219e-07, 1.17724e-05, 1.95485e-05, 0.00043816, -2.66816e-05
1.49397e-06, 2.2312e-05, 3.70499e-05, 0.000830437, -5.0606e-05
2.80623e-06, 4.16996e-05, 6.92439e-05, 0.00155203, -9.46128e-05
5.11785e-06, 7.59906e-05, 0.000126185, 0.00282832, -0.000172417
9.07484e-06, 0.000134585, 0.000223483, 0.00500915, -0.000305365
1.56463e-05, 0.000231893, 0.000385067, 0.00863089, -0.000526154
2.63463e-05, 0.000390322, 0.000648145, 0.0145275, -0.000885625
4.32039e-05, 0.000639945, 0.00106265, 0.0238183, -0.00145201
6.93483e-05, 0.00102705, 0.00170546, 0.0382261, -0.00233033
0.000108761, 0.00161064, 0.00267453, 0.059947, -0.00365448
0.000167011, 0.00247314, 0.00410674, 0.0920486, -0.00561144
0.00025135, 0.00372188, 0.00618033, 0.138526, -0.00844477
0.000371086, 0.00549468, 0.00912414, 0.204508, -0.0124672
0.000537929, 0.00796488, 0.013226, 0.296447, -0.018072
0.000766313, 0.0113461, 0.0188406, 0.422294, -0.0257439
0.00107367, 0.0158964, 0.0263965, 0.591652, -0.0360684
0.00148068, 0.0219287, 0.0364134, 0.816171, -0.0497556
0.00201139, 0.0297876, 0.0494635, 1.10867, -0.0675877
0.00269331, 0.0398845, 0.0662298, 1.48448, -0.0904984
0.00355732, 0.0526765, 0.0874713, 1.96058, -0.119525
0.00463751, 0.0686674, 0.114025, 2.55575, -0.155812
0.0059709, 0.0884037, 0.146798, 3.29032, -0.2006
0.007597, 0.112468, 0.186757, 4.18598, -0.255214
0.00955723, 0.141516, 0.234992, 5.26711, -0.321146
0.0118944, 0.176095, 0.292413, 6.55415, -0.399647
0.0146517, 0.216874, 0.360127, 8.07189, -0.492243
0.0178725, 0.264477, 0.439175, 9.84367, -0.600373
0.0215986, 0.319508, 0.530555, 11.8919, -0.72543
0.0258706, 0.382654, 0.635412, 14.2421, -0.869018
0.030726, 0.454218, 0.754247, 16.9057, -1.03189
0.036199, 0.534738, 0.887953, 19.9026, -1.21535
0.0423199, 0.624582, 1.03714, 23.2465, -1.42036
0.0491139, 0.724231, 1.20261, 26.9554, -1.64817
0.0566014, 0.833448, 1.38397, 31.0204, -1.89848
0.0647972, 0.952699, 1.58199, 35.4588, -2.17262
0.0737097, 1.08139, 1.79569, 40.2486, -2.46962
0.0833421, 1.21949, 2.02501, 45.3885, -2.78983
0.093691, 1.36695, 2.26987, 50.877, -3.13372
0.104747, 1.52257, 2.52829, 56.6691, -3.49914
0.116496, 1.68595, 2.79958, 62.7499, -3.8859
0.128917, 1.85626, 3.0824, 69.0889, -4.29291
0.141984, 2.03257, 3.37517, 75.651, -4.71885
0.155668, 2.21433, 3.67699, 82.416, -5.1634
0.169936, 2.39951, 3.98449, 89.3083, -5.62266
0.184748, 2.58737, 4.29643, 96.3002, -6.09575
0.200061, 2.77676, 4.61092, 103.349, -6.58078
0.215836, 2.96658, 4.92613, 110.414, -7.0758
0.232027, 3.15576, 5.24026, 117.455, -7.57881
0.248583, 3.34326, 5.55161, 124.434, -8.08766
0.26546, 3.52822, 5.85874, 131.318, -8.60048
0.28261, 3.70982, 6.16031, 138.077, -9.11531
0.299983, 3.88739, 6.45517, 144.686, -9.63028
0.317531, 4.06037, 6.7424, 151.124, -10.1437
0.335211, 4.22832, 7.02129, 157.375, -10.654
0.352973, 4.39088, 7.29123, 163.426, -11.1596
0.370776, 4.54782, 7.55184, 169.267, -11.6593
0.388577, 4.699, 7.80287, 174.893, -12.152
0.406335, 4.84431, 8.04416, 180.302, -12.6364
0.424014, 4.98375, 8.27572, 185.492, -13.1119
0.441577, 5.11736, 8.49758, 190.465, -13.5775
0.45899, 5.24522, 8.70989, 195.223, -14.0326
0.476224, 5.36743, 8.91283, 199.772, -14.4768
0.493249, 5.48414, 9.10663, 204.116, -14.9095
0.51004, 5.59551, 9.29156, 208.261, -15.3305
0.526574, 5.70229, 9.46887, 212.235, -15.7416
0.542828, 5.80356, 9.63704, 216.005, -16.1387
0.558785, 5.90001, 9.79719, 219.594, -16.5234
0.574429, 5.99184, 9.94969, 223.012, -16.8958
0.589744, 6.07984, 10.0958, 226.287, -17.2582
0.60472, 6.16312, 10.2341, 229.387, -17.6064
0.619345, 6.24231, 10.3656, 232.335, -17.9425
0.633613, 6.31765, 10.4907, 235.139, -18.2666
0.647515, 6.38991, 10.6107, 237.828, -18.5813
0.661048, 6.45815, 10.724, 240.368, -18.8825
0.674208, 6.52299, 10.8317, 242.781, -19.1721
0.686993, 6.58526, 10.9351, 245.099, -19.4533
0.699403, 6.64398, 11.0326, 247.284, -19.7214
0.711438, 6.69974, 11.1252, 249.36, -19.9787
0.7231, 6.7534, 11.2143, 251.357, -20.2285
0.734393, 6.80391, 11.2982, 253.237, -20.466
0.745319, 6.85252, 11.3789, 255.046, -20.6965
0.755882, 6.8982, 11.4547, 256.746, -20.915
0.766089, 6.94223, 11.5278, 258.385, -21.1272
0.775945, 6.98355, 11.5965, 259.923, -21.328
0.785456, 7.02344, 11.6627, 261.408, -21.5231
0.794627, 7.06081, 11.7247, 262.798, -21.7072
0.803468, 7.09623, 11.7836, 264.117, -21.8831
0.811985, 7.1306, 11.8406, 265.396, -22.0546
0.820185, 7.16345, 11.8952, 266.619, -22.2193
0.828078, 7.19404, 11.946, 267.757, -22.3737
0.83567, 7.22372, 11.9953, 268.862, -22.5243
0.842971, 7.25135, 12.0412, 269.891, -22.6653
0.849988, 7.27825, 12.0858, 270.892, -22.8031
0.856729, 7.30321, 12.1273, 271.821, -22.9316
0.863204, 7.32759, 12.1678, 272.728, -23.0577
0.86942, 7.35095, 12.2065, 273.597, -23.1788
0.875387, 7.37245, 12.2422, 274.398, -23.2909
0.88111, 7.39351, 12.2772, 275.181, -23.4011
0.8866, 7.41287, 12.3094, 275.902, -23.5027
0.891863, 7.43194, 12.341, 276.612, -23.6033
0.896909, 7.45027, 12.3715, 277.294, -23.7001
0.901745, 7.46693, 12.3991, 277.914, -23.7883
0.906377, 7.4834, 12.4265, 278.527, -23.8759
0.910814, 7.49926, 12.4528, 279.118, -23.9604
0.915063, 7.51354, 12.4765, 279.649, -24.0367
0.91913, 7.52774, 12.5001, 280.177, -24.1128
0.923024, 7.54147, 12.5229, 280.688, -24.1865
0.92675, 7.55462, 12.5447, 281.178, -24.2572
0.930314, 7.56627, 12.5641, 281.611, -24.3199
0.933725, 7.57794, 12.5835, 282.046, -24.383
0.936986, 7.58925, 12.6023, 282.467, -24.4443
0.940106, 7.59914, 12.6187, 282.835, -24.4978
0.943088, 7.60915, 12.6353, 283.207, -24.5523
0.94594, 7.61892, 12.6515, 283.571, -24.6055
0.948665, 7.62833, 12.6671, 283.921, -24.6568
0.95127, 7.63736, 12.6821, 284.257, -24.706
0.953759, 7.645, 12.6948, 284.542, -24.7476
0.956137, 7.6528, 12.7078, 284.832, -24.7903
0.95841, 7.66046, 12.7205, 285.117, -24.8324
0.960579, 7.66788, 12.7328, 285.393, -24.8731
0.962652, 7.67395, 12.7429, 285.619, -24.9063
0.964632, 7.68132, 12.7551, 285.894, -24.947
0.966523, 7.68709, 12.7647, 286.108, -24.9787
0.968328, 7.69294, 12.7744, 286.326, -25.0109
0.970052, 7.6987, 12.784, 286.54, -25.0427
0.971698, 7.70429, 12.7933, 286.749, -25.0736
0.973268, 7.7086, 12.8004, 286.909, -25.0972
0.974768, 7.71425, 12.8098, 287.119, -25.1286
0.976199, 7.71841, 12.8167, 287.274, -25.1515
0.977565, 7.72268, 12.8238, 287.433, -25.1751
0.978869, 7.72693, 12.8309, 287.591, -25.1988
0.980113, 7.7311, 12.8378, 287.746, -25.2219
0.981301, 7.73516, 12.8445, 287.897, -25.2445
0.982433, 7.7366, 12.8469, 287.951, -25.2519
0.983513, 7.74242, 12.8566, 288.168, -25.285
0.984545, 7.7438, 12.8589, 288.219, -25.2922
0.985528, 7.7482, 12.8662, 288.383, -25.3171
0.986467, 7.74964, 12.8686, 288.436, -25.3248
0.987362, 7.75406, 12.8759, 288.601, -25.3499
0.988217, 7.75547, 12.8783, 288.653, -25.3574
0.98903, 7.7597, 12.8853, 288.811, -25.3815
0.989807, 7.76104, 12.8875, 288.861, -25.3886
0.990548, 7.76254, 12.89, 288.916, -25.3967
0.991255, 7.76679, 12.8971, 289.075, -25.4211
0.99193, 7.7681, 12.8992, 289.123, -25.4281
0.992572, 7.76951, 12.9016, 289.176, -25.4358
0.993185, 7.771, 12.9041, 289.232, -25.4441
0.993769, 7.7751, 12.9109, 289.384, -25.4676
0.994327, 7.77632, 12.9129, 289.429, -25.4741
0.994859, 7.77761, 12.915, 289.477, -25.4812
0.995366, 7.77895, 12.9172, 289.527, -25.4886
0.995849, 7.78032, 12.9195, 289.578, -25.4962
0.99631, 7.7817, 12.9218, 289.63, -25.504
0.996749, 7.78309, 12.9241, 289.681, -25.5118
0.997169, 7.78447, 12.9264, 289.733, -25.5195
0.997568, 7.78584, 12.9287, 289.784, -25.5272
0.997949, 7.78718, 12.9309, 289.834, -25.5348
0.998312, 7.7885, 12.9331, 289.883, -25.5422
0.998659, 7.78979, 12.9352, 289.931, -25.5495
0.998988, 7.79105, 12.9373, 289.977, -25.5565
0.999302, 7.79226, 12.9394, 290.023, -25.5633
0.999603, 7.79345, 12.9413, 290.067, -25.57
0.999889, 7.7946, 12.9432, 290.11, -25.5764
1.00016, 7.79571, 12.9451, 290.151, -25.5826
1.00042, 7.79678, 12.9468, 290.191, -25.5885
1.00067, 7.79781, 12.9486, 290.229, -25.5943
1.00091, 7.79881, 12.9502, 290.266, -25.5998
1.00113, 7.79976, 12.9518, 290.302, -25.6051
1.00134, 7.80069, 12.9533, 290.336, -25.6102
1.00155, 7.80158, 12.9548, 290.369, -25.6151
1.00174, 7.80243, 12.9562, 290.401, -25.6197
1.00193, 7.80325, 12.9576, 290.432, -25.6242
1.00211, 7.80404, 12.9589, 290.461, -25.6285
1.00228, 7.80479, 12.9602, 290.489, -25.6326
1.00244, 7.80552, 12.9614, 290.516, -25.6366
1.00259, 7.80621, 12.9625, 290.542, -25.6403
1.00274, 7.80688, 12.9636, 290.567, -25.6439
