# w = (H-sigma_ss) = pore width = 2 [nm]
# P[atm], V[molecules/nm3], V[mmol/cm3], V[cm3(STP)/cm3], Omega/epsilon_ff[1/nm2]
3.94968e-08, 1.13874e-06, 1.89093e-06, 4.23832e-05, -5.12482e-06
7.64123e-08, 1.31954e-06, 2.19115e-06, 4.91124e-05, -5.96207e-06
1.43531e-07, 1.70442e-06, 2.83025e-06, 6.34373e-05, -7.72372e-06
2.61763e-07, 2.39692e-06, 3.98018e-06, 8.92118e-05, -1.08958e-05
4.64152e-07, 3.60113e-06, 5.97982e-06, 0.000134032, -1.64132e-05
7.72219e-07, 5.46747e-06, 9.07895e-06, 0.000203496, -2.49573e-05
1.49397e-06, 9.8766e-06, 1.64005e-05, 0.0003676, -4.51532e-05
2.80623e-06, 1.79596e-05, 2.98226e-05, 0.000668443, -8.21801e-05
5.11785e-06, 3.23452e-05, 5.37105e-05, 0.00120387, -0.000148061
9.07484e-06, 5.7258e-05, 9.50792e-05, 0.00213111, -0.000262135
1.56463e-05, 9.89504e-05, 0.000164311, 0.00368287, -0.000452994
2.63463e-05, 0.000166549, 0.000276561, 0.00619885, -0.000762467
4.32039e-05, 0.000273053, 0.000453415, 0.0101628, -0.00125005
6.93483e-05, 0.000438211, 0.000727666, 0.0163099, -0.00200615
0.000108761, 0.000687202, 0.00114113, 0.0255772, -0.00314605
0.000167011, 0.00105519, 0.00175218, 0.0392734, -0.00483072
0.00025135, 0.00158796, 0.00263687, 0.0591029, -0.00726983
0.000371086, 0.00234432, 0.00389283, 0.0872539, -0.0107325
0.000537929, 0.00339819, 0.00564283, 0.126478, -0.0155574
0.000766313, 0.0048407, 0.00803817, 0.180167, -0.0221617
0.00107367, 0.00678188, 0.0112616, 0.252417, -0.0310493
0.00148068, 0.0093521, 0.0155295, 0.348079, -0.0428173
0.00201139, 0.0127069, 0.0211004, 0.472944, -0.0581783
0.00269331, 0.0170134, 0.0282514, 0.633228, -0.0778982
0.00355732, 0.0224687, 0.0373101, 0.836269, -0.10288
0.00463751, 0.0292873, 0.0486326, 1.09005, -0.13411
0.0059709, 0.0377015, 0.0626048, 1.40322, -0.172652
0.007597, 0.0479589, 0.0796376, 1.785, -0.219646
0.00955723, 0.060318, 0.10016, 2.24499, -0.276283
0.0118944, 0.0750446, 0.124614, 2.79311, -0.343789
0.0146517, 0.0924062, 0.153444, 3.4393, -0.423405
0.0178725, 0.1127, 0.187142, 4.19461, -0.516511
0.0215986, 0.136121, 0.226034, 5.06632, -0.624034
0.0258706, 0.162933, 0.270557, 6.06426, -0.747226
0.030726, 0.193355, 0.321073, 7.19653, -0.88714
0.036199, 0.227572, 0.377892, 8.47007, -1.04471
0.0423199, 0.265814, 0.441394, 9.8934, -1.22108
0.0491139, 0.308058, 0.511542, 11.4657, -1.41629
0.0566014, 0.354431, 0.588547, 13.1917, -1.6311
0.0647972, 0.404955, 0.672444, 15.0722, -1.86581
0.0737097, 0.459714, 0.763373, 17.1102, -2.12107
0.0833421, 0.518396, 0.860817, 19.2944, -2.39578
0.093691, 0.580951, 0.964692, 21.6226, -2.69007
0.104747, 0.647336, 1.07493, 24.0934, -3.00419
0.116496, 0.716998, 1.1906, 26.6862, -3.33608
0.128917, 0.789758, 1.31142, 29.3943, -3.68544
0.141984, 0.865266, 1.43681, 32.2046, -4.05122
0.155668, 0.94313, 1.5661, 35.1027, -4.43222
0.169936, 1.02293, 1.69862, 38.0729, -4.8271
0.184748, 1.10445, 1.83398, 41.1068, -5.23546
0.200061, 1.18679, 1.97071, 44.1715, -5.65359
0.215836, 1.26971, 2.10841, 47.2579, -6.0809
0.232027, 1.35279, 2.24636, 50.35, -6.51577
0.248583, 1.43558, 2.38384, 53.4315, -6.95644
0.26546, 1.51772, 2.52024, 56.4886, -7.40137
0.28261, 1.59909, 2.65536, 59.5172, -7.85029
0.299983, 1.67889, 2.78786, 62.4871, -8.29898
0.317531, 1.75706, 2.91767, 65.3967, -8.74719
0.335211, 1.8334, 3.04443, 68.2378, -9.19364
0.352973, 1.90769, 3.16779, 71.0029, -9.63696
0.370776, 1.97979, 3.28752, 73.6865, -10.076
0.388577, 2.04959, 3.40343, 76.2845, -10.5098
0.406335, 2.11725, 3.51578, 78.8026, -10.9387
0.424014, 2.18225, 3.6237, 81.2217, -11.3592
0.441577, 2.24477, 3.72752, 83.5487, -11.7717
0.45899, 2.30483, 3.82726, 85.7842, -12.1758
0.476224, 2.36245, 3.92293, 87.9286, -12.5708
0.493249, 2.41788, 4.01498, 89.9918, -12.9579
0.51004, 2.47072, 4.10273, 91.9586, -13.3337
0.526574, 2.52125, 4.18663, 93.8392, -13.6995
0.542828, 2.56952, 4.26679, 95.6359, -14.0549
0.558785, 2.61583, 4.3437, 97.3596, -14.4014
0.574429, 2.65983, 4.41676, 98.9972, -14.736
0.589744, 2.70178, 4.48642, 100.559, -15.06
0.60472, 2.74178, 4.55283, 102.047, -15.3734
0.619345, 2.78011, 4.61649, 103.474, -15.678
0.633613, 2.81645, 4.67682, 104.826, -15.9708
0.647515, 2.85103, 4.73425, 106.114, -16.2532
0.661048, 2.88419, 4.7893, 107.347, -16.5272
0.674208, 2.91556, 4.84141, 108.515, -16.7897
0.686993, 2.94541, 4.89097, 109.626, -17.0424
0.699403, 2.97404, 4.93852, 110.692, -17.2873
0.711438, 3.0011, 4.98345, 111.699, -17.5213
0.7231, 3.02683, 5.02617, 112.657, -17.746
0.734393, 3.05154, 5.0672, 113.576, -17.9639
0.745319, 3.07485, 5.10592, 114.444, -18.1714
0.755882, 3.09725, 5.1431, 115.277, -18.3724
0.766089, 3.11836, 5.17815, 116.063, -18.5635
0.775945, 3.13841, 5.21145, 116.809, -18.7466
0.785456, 3.15773, 5.24353, 117.529, -18.9242
0.794627, 3.1759, 5.27371, 118.205, -19.0926
0.803468, 3.19341, 5.30279, 118.857, -19.2558
0.811985, 3.20986, 5.3301, 119.469, -19.4103
0.820185, 3.22573, 5.35645, 120.06, -19.5601
0.828078, 3.24062, 5.38117, 120.614, -19.7017
0.83567, 3.255, 5.40506, 121.149, -19.8391
0.842971, 3.26847, 5.42742, 121.65, -19.9686
0.849988, 3.28151, 5.44908, 122.136, -20.0946
0.856729, 3.2937, 5.46931, 122.589, -20.2129
0.863204, 3.30552, 5.48895, 123.029, -20.3282
0.86942, 3.31654, 5.50725, 123.439, -20.4363
0.875387, 3.32726, 5.52505, 123.838, -20.5417
0.88111, 3.33723, 5.54159, 124.209, -20.6402
0.8866, 3.34695, 5.55774, 124.571, -20.7366
0.891863, 3.35595, 5.57268, 124.906, -20.8263
0.896909, 3.36476, 5.58732, 125.234, -20.9144
0.901745, 3.37322, 5.60136, 125.549, -20.999
0.906377, 3.38097, 5.61423, 125.837, -21.077
0.910814, 3.38859, 5.62688, 126.121, -21.1538
0.915063, 3.39557, 5.63847, 126.381, -21.2245
0.91913, 3.40247, 5.64993, 126.637, -21.2944
0.923024, 3.4091, 5.66095, 126.885, -21.3619
0.92675, 3.41511, 5.67093, 127.108, -21.4232
0.930314, 3.42107, 5.68082, 127.33, -21.484
0.933725, 3.42682, 5.69036, 127.544, -21.5429
0.936986, 3.43196, 5.69891, 127.735, -21.5957
0.940106, 3.4371, 5.70744, 127.927, -21.6486
0.943088, 3.44207, 5.7157, 128.112, -21.6998
0.94594, 3.44684, 5.72362, 128.289, -21.749
0.948665, 3.45104, 5.73059, 128.445, -21.7924
0.95127, 3.45526, 5.7376, 128.602, -21.8361
0.953759, 3.45936, 5.74441, 128.755, -21.8786
0.956137, 3.46292, 5.75032, 128.888, -21.9157
0.95841, 3.46654, 5.75632, 129.022, -21.9534
0.960579, 3.47008, 5.7622, 129.154, -21.9903
0.962652, 3.4735, 5.76788, 129.281, -22.0259
0.964632, 3.47638, 5.77266, 129.388, -22.056
0.966523, 3.47973, 5.77822, 129.513, -22.091
0.968328, 3.48244, 5.78273, 129.614, -22.1194
0.970052, 3.48517, 5.78726, 129.716, -22.1479
0.971698, 3.48742, 5.79099, 129.799, -22.1716
0.973268, 3.4902, 5.79561, 129.903, -22.2009
0.974768, 3.49237, 5.79922, 129.984, -22.2237
0.976199, 3.49458, 5.80289, 130.066, -22.247
0.977565, 3.49677, 5.80652, 130.147, -22.27
0.978869, 3.49889, 5.81005, 130.227, -22.2924
0.980113, 3.50095, 5.81347, 130.303, -22.3141
0.981301, 3.50251, 5.81605, 130.361, -22.3305
0.982433, 3.50414, 5.81876, 130.422, -22.3478
0.983513, 3.50623, 5.82223, 130.5, -22.3699
0.984545, 3.50772, 5.82471, 130.555, -22.3856
0.985528, 3.50923, 5.82721, 130.611, -22.4015
0.986467, 3.51072, 5.82969, 130.667, -22.4173
0.987362, 3.51122, 5.83053, 130.685, -22.4227
0.988217, 3.51342, 5.83418, 130.767, -22.4461
0.98903, 3.51392, 5.835, 130.786, -22.4513
0.989807, 3.51559, 5.83777, 130.848, -22.4691
0.990548, 3.51708, 5.84024, 130.903, -22.4848
0.991255, 3.51755, 5.84103, 130.921, -22.4899
0.99193, 3.5191, 5.8436, 130.979, -22.5064
0.992572, 3.51958, 5.8444, 130.996, -22.5115
0.993185, 3.52013, 5.84531, 131.017, -22.5173
0.993769, 3.52177, 5.84804, 131.078, -22.5348
0.994327, 3.52226, 5.84886, 131.096, -22.5401
0.994859, 3.5228, 5.84975, 131.116, -22.5458
0.995366, 3.52437, 5.85236, 131.175, -22.5626
0.995849, 3.52484, 5.85313, 131.192, -22.5675
0.99631, 3.52533, 5.85395, 131.21, -22.5728
0.996749, 3.52585, 5.85482, 131.23, -22.5783
0.997169, 3.52639, 5.85572, 131.25, -22.5841
0.997568, 3.52694, 5.85663, 131.27, -22.59
0.997949, 3.5275, 5.85755, 131.291, -22.596
0.998312, 3.52806, 5.85848, 131.312, -22.6019
0.998659, 3.52861, 5.8594, 131.333, -22.6079
0.998988, 3.52916, 5.86031, 131.353, -22.6138
0.999302, 3.5297, 5.86121, 131.373, -22.6195
0.999603, 3.53024, 5.86209, 131.393, -22.6252
0.999889, 3.53076, 5.86296, 131.412, -22.6308
1.00016, 3.53126, 5.8638, 131.431, -22.6362
1.00042, 3.53176, 5.86462, 131.45, -22.6415
1.00067, 3.53224, 5.86542, 131.467, -22.6466
1.00091, 3.5327, 5.86619, 131.485, -22.6515
1.00113, 3.53315, 5.86694, 131.502, -22.6563
1.00134, 3.53359, 5.86766, 131.518, -22.6609
1.00155, 3.53401, 5.86836, 131.533, -22.6653
1.00174, 3.53441, 5.86903, 131.548, -22.6696
1.00193, 3.5348, 5.86968, 131.563, -22.6737
1.00211, 3.53518, 5.8703, 131.577, -22.6777
1.00228, 3.53554, 5.8709, 131.59, -22.6815
1.00244, 3.53589, 5.87148, 131.603, -22.6851
1.00259, 3.53622, 5.87203, 131.616, -22.6886
1.00274, 3.53654, 5.87257, 131.628, -22.692
